 1  0505 0102 0304 0104 0108 0202 0203 0606 0607 
 1  0205 0102 0405 0304 0107 0210 0202 0405 0507 
 1  0404 0202 0405 0309 0207 0210 0203 0505 0307 
 1  0305 0202 0405 0203 0506 0203 0202 0505 0106 
 1  0306 0102 0204 0308 0205 0203 0202 0405 0203 
 1  0103 0102 0505 0406 0508 0505 0104 0406 0106 
 1  0204 0202 0404 0308 0404 0310 0202 0506 0607 
 1  0206 0202 0204 0203 0507 0103 0202 0506 0103 
 1  0305 0102 0305 0202 0505 0102 0204 0607 0606 
 1  0405 0102 0405 0303 0405 0203 0102 0507 0506 
 1  0406 0102 0105 0406 0505 0103 0202 0506 0202 
 1  0202 0202 0404 0205 0507 0210 0202 0105 0606 
 1  0203 0202 0405 0507 0508 0106 0202 0506 0607 
 1  0207 0102 0405 0609 0505 0202 0202 0506 0506 
 1  0606 0102 0204 0306 0506 0203 0202 0405 0206 
 1  0205 0102 0204 0303 0610 0203 0203 0606 0307 
 1  0202 0202 0204 0408 0507 0102 0203 0405 0306 
 1  0202 0102 0404 0306 0106 0707 0307 0207 0204 
 1  0304 0202 0404 0203 0407 0207 0202 0506 0305 
 1  0203 0102 0405 0308 0507 0202 0202 0404 0206 
 1  0206 0202 0204 0207 0404 0102 0707 0105 0607 
 1  0203 0202 0204 0606 0707 0102 0207 0506 0207 
 1  0103 0202 0405 0203 0506 0102 0306 0506 0106 
 1  0103 0102 0404 0203 0406 0102 0207 0506 0306 
 1  0101 0202 0405 0506 0606 0101 0104 0106 0303 
 1  0305 0102 0204 0305 0710 0202 0202 0506 0105 
 1  0306 0102 0505 0307 0410 0000 0202 0505 0506 
 1  0203 0102 0205 0507 0404 0102 0202 0105 0206 
 1  0406 0202 0505 0506 0505 0306 0202 0105 0205 
 1  0205 0102 0404 0307 0708 0202 0207 0105 0303 
 1  0202 0202 0405 0307 0507 0308 0205 0606 0708 
 1  0505 0102 0404 0308 0707 0103 0707 0505 0506 
 1  0203 0102 0204 0808 0510 0204 0202 0505 0206 
 1  0102 0102 0404 0607 0707 0102 0103 0606 0206 
 1  0204 0102 0405 0203 0607 0102 0203 0105 0508 
 1  0202 0102 0404 0303 0508 0108 0207 0305 0106 
 1  0305 0202 0405 0309 0508 0206 0202 0105 0107 
 1  0203 0202 0404 0407 0205 0208 0307 0606 0202 
 1  0506 0102 0404 0506 0507 0102 0202 0505 0309 
 1  0203 0202 0406 0407 0709 0202 0203 0507 0305 
 1  0506 0102 0404 0308 0205 0205 0202 0405 0303 
 1  0305 0102 0404 0309 0508 0206 0202 0607 0505 
 1  0203 0102 0104 0305 0507 0202 0202 0506 0205 
 1  0203 0102 0404 0306 0407 0203 0303 0101 0107 
 1  0205 0102 0205 0306 0207 0607 0203 0101 0205 
 1  0106 0202 0404 0507 0107 0307 0202 0101 0202 
 1  0307 0202 0505 0508 0507 0204 0202 0506 0507 
 1  0405 0202 0304 0304 0606 0106 0203 0607 0306 
 1  0306 0102 0404 0202 0709 0306 0202 0505 0102 
 1  0306 0102 0404 0308 0506 0203 0203 0206 0203 
 2  0203 0102 0204 0306 0707 0610 0101 0506 0208 
 2  0203 0202 0204 0508 0607 0203 0202 0105 0102 
 2  0506 0102 0204 0304 0507 0102 0202 0505 0206 
 2  0206 0102 0505 0204 0506 0102 0202 0405 0303 
 2  0206 0202 0404 0308 0209 0202 0202 0405 0606 
 2  0306 0202 0405 0306 0707 0205 0202 0106 0305 
 2  0203 0202 0205 0307 0506 0203 0102 0506 0203 
 2  0507 0102 0404 0406 0606 0606 0203 0105 0205 
 2  0206 0102 0405 0808 0506 0310 0203 0506 0207 
 2  0406 0202 0404 0404 0610 0110 0202 0606 0507 
 2  0306 0202 0202 0406 0505 0102 0205 0106 0206 
 2  0305 0102 0404 0405 0608 0102 0202 0506 0606 
 2  0205 0202 0404 0306 0710 0306 0202 0405 0607 
 2  0205 0202 0204 0304 0607 0307 0202 0105 0308 
 2  0203 0202 0405 0306 0607 0506 0202 0505 0307 
 2  0303 0102 0404 0606 0608 0203 0203 0506 0205 
 2  0202 0202 0406 0305 0506 0102 0202 0105 0505 
 2  0204 0202 0505 0305 0508 0610 0202 0505 0107 
 2  0202 0102 0405 0606 0708 0207 0202 0506 0103 
 2  0206 0202 0405 0505 0105 0505 0203 0105 0105 
 2  0506 0202 0404 0308 0305 0103 0305 0105 0507 
 2  0506 0102 0405 0506 0710 0206 0102 0204 0105 
 2  0205 0202 0404 0303 0610 0105 0202 0106 0306 
 2  0105 0102 0305 0203 0707 0505 0202 0101 0607 
 2  0505 0102 0205 0204 0607 0207 0202 0506 0607 
 2  0305 0202 0404 0508 0510 0203 0202 0505 0606 
 2  0204 0202 0405 0306 0410 0202 0207 0405 0307 
 2  0303 0102 0405 0306 0708 0606 0202 0106 0205 
 2  0405 0102 0205 0202 0406 0506 0303 0102 0207 
 2  0406 0102 0406 0204 0107 0105 0202 0506 0506 
 2  0203 0102 0405 0106 0507 0110 0202 0104 0210  
 2  0204 0102 0404 0306 0709 0210 0103 0106 0606 
 2  0303 0102 0405 0308 0104 0606 0102 0506 0306 
 2  0202 0202 0204 0608 0707 0205 0203 0506 0202 
 2  0304 0202 0305 0303 0508 0205 0203 0105 0506 
 2  0203 0102 0205 0103 0407 0102 0203 0506 0103 
 2  0405 0102 0405 0608 0810 0510 0202 0406 0206 
 2  0404 0202 0204 0303 0508 0101 0202 0106 0707 
 2  0204 0202 0404 0606 0709 0206 0203 0506 0505 
 2  0405 0102 0204 0405 0606 0207 0202 0505 0202 
 2  0404 0102 0205 0304 0507 0207 0202 0505 0207 
 2  0406 0202 0405 0607 0710 0103 0202 0406 0207 
 2  0304 0102 0405 0306 0507 0000 0202 0606 0202 
 2  0304 0202 0505 0000 0509 0203 0304 0606 0307 
 2  0205 0102 0304 0306 0507 0606 0102 0606 0606 
 2  0203 0102 0405 0305 0106 0102 0103 0606 0507 
 2  0304 0102 0205 0304 0508 0102 0203 0505 0607 
 2  0203 0102 0204 0303 0207 0610 0202 0106 0307 
 2  0606 0202 0405 0306 0508 0609 0102 0506 0606 
 2  0207 0102 0205 0406 0607 0507 0307 0105 0203 
 2  0105 0102 0405 0206 0509 0202 0202 0506 0505 
 2  0205 0102 0404 0407 0405 0202 0203 0405 0202 
 2  0404 0102 0404 0303 0207 0106 0202 0506 0203 
 2  0506 0102 0405 0505 0607 0202 0102 0507 0505 
 2  0303 0102 0405 0606 0307 0206 0202 0506 0509 
 2  0204 0202 0404 0307 0507 0210 0203 0205 0305 
 2  0305 0202 0404 0405 0205 0205 0202 0506 0206 
 2  0203 0102 0405 0307 0707 0102 0202 0106 0202 